(0, 0): (30.0, 30.0)
(0, 1): (30.0, 40.0)
(0, 2): (30.0, 50.0)
(0, 3): (30.0, 60.0)
(0, 4): (30.0, 70.0)
(0, 5): (30.0, 80.0)
(0, 6): (30.0, 90.0)
(0, 7): (20.0, 90.0)
(1, 0): (40.0, 30.0)
(1, 1): (30.0, 40.0)
(1, 2): (30.0, 50.0)
(1, 3): (30.0, 60.0)
(1, 4): (30.0, 70.0)
(1, 5): (30.0, 80.0)
(1, 6): (30.0, 90.0)
(2, 0): (50.0, 30.0)
(2, 1): (40.0, 40.0)
(2, 2): (40.0, 50.0)
(2, 3): (40.0, 60.0)
(2, 4): (40.0, 70.0)
(2, 5): (40.0, 80.0)
(2, 6): (40.0, 90.0)
(3, 0): (60.0, 30.0)
(3, 1): (50.0, 40.0)
(3, 2): (50.0, 50.0)
(3, 3): (50.0, 60.0)
(3, 4): (50.0, 70.0)
(3, 5): (50.0, 80.0)
(4, 0): (70.0, 30.0)
(4, 1): (60.0, 40.0)
(4, 2): (60.0, 50.0)
(4, 3): (60.0, 60.0)
(4, 4): (60.0, 70.0)
(4, 5): (60.0, 80.0)
(5, 0): (80.0, 30.0)
(5, 1): (70.0, 40.0)
(5, 2): (70.0, 50.0)
(5, 3): (70.0, 60.0)
(5, 4): (70.0, 70.0)
(6, 0): (90.0, 30.0)
(6, 1): (80.0, 40.0)
(6, 2): (80.0, 50.0)
(6, 3): (80.0, 60.0)
(7, 0): (90.0, 30.0)
(7, 1): (90.0, 40.0)
(-1, 0): (20.0, 30.0)
(-1, 1): (20.0, 40.0)
(-1, 2): (20.0, 50.0)
(-1, 3): (20.0, 60.0)
(-1, 4): (20.0, 70.0)
(-1, 5): (20.0, 80.0)
(-1, 6): (20.0, 90.0)
(-2, 0): (10.0, 30.0)
(-2, 1): (10.0, 40.0)
(-2, 2): (10.0, 50.0)
(-2, 3): (10.0, 60.0)
(-2, 4): (10.0, 70.0)
(-2, 5): (10.0, 80.0)
(-2, 6): (10.0, 90.0)
(-3, 0): (0.0, 30.0)
(-3, 1): (0.0, 40.0)
(-3, 2): (0.0, 50.0)
(-3, 3): (0.0, 60.0)
(-3, 4): (0.0, 70.0)
(-3, 5): (0.0, 80.0)
(-3, 6): (0.0, 90.0)
(-3, 7): (0.0, 100.0)
(-4, 0): (-10.0, 30.0)
(-4, 1): (-10.0, 40.0)
(-4, 2): (-10.0, 50.0)
(-4, 3): (-10.0, 60.0)
(-4, 4): (-10.0, 70.0)
(-4, 5): (-10.0, 80.0)
(-4, 6): (-10.0, 90.0)
(-5, 0): (-20.0, 30.0)
(-5, 1): (-20.0, 40.0)
(-5, 2): (-20.0, 50.0)
(-5, 3): (-20.0, 60.0)
(-5, 4): (-20.0, 70.0)
(-5, 5): (-20.0, 80.0)
(-5, 6): (-20.0, 90.0)
(-6, 0): (-30.0, 30.0)
(-6, 1): (-30.0, 40.0)
(-6, 2): (-30.0, 50.0)
(-6, 3): (-30.0, 60.0)
(-6, 4): (-30.0, 70.0)
(-6, 5): (-30.0, 80.0)
(-6, 6): (-30.0, 90.0)
(-7, 0): (-40.0, 30.0)
(-7, 1): (-40.0, 40.0)
(-7, 2): (-40.0, 50.0)
(-7, 3): (-40.0, 60.0)
(-7, 4): (-40.0, 70.0)
(-7, 5): (-40.0, 80.0)
(-7, 6): (-40.0, 90.0)
(-8, 0): (-50.0, 30.0)
(-8, 1): (-50.0, 40.0)
(-8, 2): (-50.0, 50.0)
(-8, 3): (-50.0, 60.0)
(-8, 4): (-50.0, 70.0)
(-8, 5): (-50.0, 80.0)
(-9, 0): (-60.0, 30.0)
(-9, 1): (-60.0, 40.0)
(-9, 2): (-60.0, 50.0)
(-9, 3): (-60.0, 60.0)
(-9, 4): (-60.0, 70.0)
(-9, 5): (-60.0, 80.0)
(-10, 0): (-70.0, 30.0)
(-10, 1): (-70.0, 40.0)
(-10, 2): (-70.0, 50.0)
(-10, 3): (-70.0, 60.0)
(-10, 4): (-70.0, 70.0)
(-11, 0): (-80.0, 30.0)
(-11, 1): (-80.0, 40.0)
(-11, 2): (-80.0, 50.0)
(-11, 3): (-80.0, 60.0)
(-12, 0): (-90.0, 30.0)
(-12, 1): (-90.0, 40.0)
(0, -1): (30.0, 20.0)
(0, -2): (30.0, 10.0)
(0, -3): (30.0, 0.0)
(0, -4): (30.0, -10.0)
(0, -5): (30.0, -20.0)
(0, -6): (30.0, -30.0)
(0, -7): (30.0, -40.0)
(0, -8): (30.0, -50.0)
(0, -9): (30.0, -60.0)
(0, -10): (30.0, -70.0)
(0, -11): (30.0, -80.0)
(0, -12): (30.0, -90.0)
(-1, -1): (20.0, 20.0)
(-1, -2): (20.0, 10.0)
(-1, -3): (20.0, 0.0)
(-1, -4): (20.0, -10.0)
(-1, -5): (20.0, -20.0)
(-1, -6): (20.0, -30.0)
(-1, -7): (20.0, -40.0)
(-1, -8): (20.0, -50.0)
(-1, -9): (20.0, -60.0)
(-1, -10): (20.0, -70.0)
(-1, -11): (20.0, -80.0)
(-1, -12): (20.0, -90.0)
(-2, -1): (10.0, 20.0)
(-2, -2): (10.0, 10.0)
(-2, -3): (10.0, 0.0)
(-2, -4): (10.0, -10.0)
(-2, -5): (10.0, -20.0)
(-2, -6): (10.0, -30.0)
(-2, -7): (10.0, -40.0)
(-2, -8): (10.0, -50.0)
(-2, -9): (10.0, -60.0)
(-2, -10): (10.0, -70.0)
(-2, -11): (10.0, -80.0)
(-2, -12): (10.0, -90.0)
(-3, -1): (0.0, 20.0)
(-3, -2): (0.0, 10.0)
(-3, -3): (0.0, 0.0)
(-3, -4): (0.0, -10.0)
(-3, -5): (0.0, -20.0)
(-3, -6): (0.0, -30.0)
(-3, -7): (0.0, -40.0)
(-3, -8): (0.0, -50.0)
(-3, -9): (0.0, -60.0)
(-3, -10): (0.0, -70.0)
(-3, -11): (0.0, -80.0)
(-3, -12): (0.0, -90.0)
(-3, -13): (0.0, -100.0)
(-4, -1): (-10.0, 20.0)
(-4, -2): (-10.0, 10.0)
(-4, -3): (-10.0, 0.0)
(-4, -4): (-10.0, -10.0)
(-4, -5): (-10.0, -20.0)
(-4, -6): (-10.0, -30.0)
(-4, -7): (-10.0, -40.0)
(-4, -8): (-10.0, -50.0)
(-4, -9): (-10.0, -60.0)
(-4, -10): (-10.0, -70.0)
(-4, -11): (-10.0, -80.0)
(-4, -12): (-10.0, -90.0)
(-5, -1): (-20.0, 20.0)
(-5, -2): (-20.0, 10.0)
(-5, -3): (-20.0, 0.0)
(-5, -4): (-20.0, -10.0)
(-5, -5): (-20.0, -20.0)
(-5, -6): (-20.0, -30.0)
(-5, -7): (-20.0, -40.0)
(-5, -8): (-20.0, -50.0)
(-5, -9): (-20.0, -60.0)
(-5, -10): (-20.0, -70.0)
(-5, -11): (-20.0, -80.0)
(-5, -12): (-20.0, -90.0)
(-6, -1): (-30.0, 20.0)
(-6, -2): (-30.0, 10.0)
(-6, -3): (-30.0, 0.0)
(-6, -4): (-30.0, -10.0)
(-6, -5): (-30.0, -20.0)
(-6, -6): (-30.0, -30.0)
(-6, -7): (-30.0, -40.0)
(-6, -8): (-30.0, -50.0)
(-6, -9): (-30.0, -60.0)
(-6, -10): (-30.0, -70.0)
(-6, -11): (-30.0, -80.0)
(-6, -12): (-30.0, -90.0)
(-7, -1): (-40.0, 20.0)
(-7, -2): (-40.0, 10.0)
(-7, -3): (-40.0, 0.0)
(-7, -4): (-40.0, -10.0)
(-7, -5): (-40.0, -20.0)
(-7, -6): (-40.0, -30.0)
(-7, -7): (-40.0, -40.0)
(-7, -8): (-40.0, -50.0)
(-7, -9): (-40.0, -60.0)
(-7, -10): (-40.0, -70.0)
(-7, -11): (-40.0, -80.0)
(-7, -12): (-40.0, -90.0)
(-8, -1): (-50.0, 20.0)
(-8, -2): (-50.0, 10.0)
(-8, -3): (-50.0, 0.0)
(-8, -4): (-50.0, -10.0)
(-8, -5): (-50.0, -20.0)
(-8, -6): (-50.0, -30.0)
(-8, -7): (-50.0, -40.0)
(-8, -8): (-50.0, -50.0)
(-8, -9): (-50.0, -60.0)
(-8, -10): (-50.0, -70.0)
(-8, -11): (-50.0, -80.0)
(-9, -1): (-60.0, 20.0)
(-9, -2): (-60.0, 10.0)
(-9, -3): (-60.0, 0.0)
(-9, -4): (-60.0, -10.0)
(-9, -5): (-60.0, -20.0)
(-9, -6): (-60.0, -30.0)
(-9, -7): (-60.0, -40.0)
(-9, -8): (-60.0, -50.0)
(-9, -9): (-60.0, -60.0)
(-9, -10): (-60.0, -70.0)
(-9, -11): (-60.0, -80.0)
(-10, -1): (-70.0, 20.0)
(-10, -2): (-70.0, 10.0)
(-10, -3): (-70.0, 0.0)
(-10, -4): (-70.0, -10.0)
(-10, -5): (-70.0, -20.0)
(-10, -6): (-70.0, -30.0)
(-10, -7): (-70.0, -40.0)
(-10, -8): (-70.0, -50.0)
(-10, -9): (-70.0, -60.0)
(-10, -10): (-70.0, -70.0)
(-11, -1): (-80.0, 20.0)
(-11, -2): (-80.0, 10.0)
(-11, -3): (-80.0, 0.0)
(-11, -4): (-80.0, -10.0)
(-11, -5): (-80.0, -20.0)
(-11, -6): (-80.0, -30.0)
(-11, -7): (-80.0, -40.0)
(-11, -8): (-80.0, -50.0)
(-11, -9): (-80.0, -60.0)
(-12, -1): (-90.0, 20.0)
(-12, -2): (-90.0, 10.0)
(-12, -3): (-90.0, 0.0)
(-12, -4): (-90.0, -10.0)
(-12, -5): (-90.0, -20.0)
(-12, -6): (-90.0, -30.0)
(-12, -7): (-90.0, -40.0)
(1, -1): (40.0, 20.0)
(1, -2): (40.0, 10.0)
(1, -3): (40.0, 0.0)
(1, -4): (40.0, -10.0)
(1, -5): (40.0, -20.0)
(1, -6): (40.0, -30.0)
(1, -7): (40.0, -40.0)
(1, -8): (40.0, -50.0)
(1, -9): (40.0, -60.0)
(1, -10): (40.0, -70.0)
(1, -11): (40.0, -80.0)
(1, -12): (40.0, -90.0)
(2, -1): (50.0, 20.0)
(2, -2): (50.0, 10.0)
(2, -3): (50.0, 0.0)
(2, -4): (50.0, -10.0)
(2, -5): (50.0, -20.0)
(2, -6): (50.0, -30.0)
(2, -7): (50.0, -40.0)
(2, -8): (50.0, -50.0)
(2, -9): (50.0, -60.0)
(2, -10): (50.0, -70.0)
(2, -11): (50.0, -80.0)
(3, -1): (60.0, 20.0)
(3, -2): (60.0, 10.0)
(3, -3): (60.0, 0.0)
(3, -4): (60.0, -10.0)
(3, -5): (60.0, -20.0)
(3, -6): (60.0, -30.0)
(3, -7): (60.0, -40.0)
(3, -8): (60.0, -50.0)
(3, -9): (60.0, -60.0)
(3, -10): (60.0, -70.0)
(3, -11): (60.0, -80.0)
(4, -1): (70.0, 20.0)
(4, -2): (70.0, 10.0)
(4, -3): (70.0, 0.0)
(4, -4): (70.0, -10.0)
(4, -5): (70.0, -20.0)
(4, -6): (70.0, -30.0)
(4, -7): (70.0, -40.0)
(4, -8): (70.0, -50.0)
(4, -9): (70.0, -60.0)
(4, -10): (70.0, -70.0)
(5, -1): (80.0, 20.0)
(5, -2): (80.0, 10.0)
(5, -3): (80.0, 0.0)
(5, -4): (80.0, -10.0)
(5, -5): (80.0, -20.0)
(5, -6): (80.0, -30.0)
(5, -7): (80.0, -40.0)
(5, -8): (80.0, -50.0)
(5, -9): (80.0, -60.0)
(6, -1): (90.0, 20.0)
(6, -2): (90.0, 10.0)
(6, -3): (90.0, 0.0)
(6, -4): (90.0, -10.0)
(6, -5): (90.0, -20.0)
(6, -6): (90.0, -30.0)
(6, -7): (90.0, -40.0)
